	MP	Gravimetric.Water	pH	EC	POXC	Sand	Silt	Clay	Phosphorous	Potassium	Magnesium	Calcium	CEC	CECK(perc)	CECMg(perc)	CECCa(perc)	OM	zinc	copper	sulfur	NO3	NH4 
3SppN-1-1	200	18.50961538	6.85	40.4	327.92	20.05347594	49.38884645	30.55767762	21	86	193	1072	7.188846154	3.1	22.4	74.6	1.97	1.380101681	2.831104994	5.053094864	0.151100651	2.057612088
3SppN-1-2	59	19.75460123	6.73	155.7	359.69	20.05347594	49.38884645	30.55767762	21	86	193	1072	7.188846154	3.1	22.4	74.6	1.97	1.380101681	2.831104994	5.053094864	0.726470618	2.551235469
3SppN-2-1	200	16.19479049	6.99	49.4	310.40	28.21007917	44.41011778	27.37980305	20	85	120	955.3	5.994448718	3.6	16.7	79.7	1.72	1.043849707	4.384539604	4.425087452	0.166037741	1.626510553
3SppN-2-2	64	19.09307876	6.67	108.4	327.45	28.21007917	44.41011778	27.37980305	20	85	120	955.3	5.994448718	3.6	16.7	79.7	1.72	1.043849707	4.384539604	4.425087452	0.046928089	2.053871765
3sppN-3-1	310	16.83417085	6.66	47	281.37	42.98181818	32.47272727	24.54545455	40	112	115	1027.9	6.385012821	4.5	15	80.5	2.33	1.321979165	5.808840275	6.950078487	0.375474467	4.557791376
3sppN-3-2	53	19.56257594	6.64	116.2	331.50	42.98181818	32.47272727	24.54545455	40	112	115	1027.9	6.385012821	4.5	15	80.5	2.33	1.321979165	5.808840275	6.950078487	0.707859152	2.288494699
3sppN-4-1	120	15.4589372	6.87	41.1	267.71	47.32809807	31.87128903	20.80061291	28	94	96	952.3	7.802525641	3.1	10.3	61	1.86	1.55541873	6.037873745	6.779491425	0.426433017	1.913034315
3sppN-4-2	36	16.33835458	6.57	89.8	279.19	47.32809807	31.87128903	20.80061291	28	94	96	952.3	7.802525641	3.1	10.3	61	1.86	1.55541873	6.037873745	6.779491425	1.674556027	2.68426237
6Spp-1-1	310	13.55191257	6.63	50.6	257.58	26.00308642	45.0617284	28.93518519	22	124	78	946	5.697948718	5.6	11.4	83	1.61	1.203474045	2.377193689	5.783121109	0.074616048	2.373056046
6Spp-1-2	500	13.69248036	6.86	78.6	231.44	26.00308642	45.0617284	28.93518519	22	124	78	946	5.697948718	5.6	11.4	83	1.61	1.203474045	2.377193689	5.783121109	0.612042644	2.082762501
6spp-2-1	130	16.55092593	7	44.4	296.16	33.16090892	40.64289673	26.19619435	25	85	118	954.7	5.974782051	3.6	16.5	79.9	1.87	1.236698508	4.670670033	5.410950184	0.048136529	1.454603385
6spp-2-2	64	17.7956372	6.59	86.4	313.35	33.16090892	40.64289673	26.19619435	25	85	118	954.7	5.974782051	3.6	16.5	79.9	1.87	1.236698508	4.670670033	5.410950184	0.348606839	1.54935962
6spp-3-1	140	16.01941748	6.93	53.2	276.31	40.50558495	35.97883598	23.51557907	36	82	94	954.3	5.765089744	3.6	13.6	82.8	1.87	0.850975513	4.861125469	5.677347183	0.08247799	1.715505904
6spp-3-2	45	16.66666667	6.8	133.7	288.16	40.50558495	35.97883598	23.51557907	36	82	94	954.3	5.765089744	3.6	13.6	82.8	1.87	0.850975513	4.861125469	5.677347183	0.440565419	1.924639035
6Spp-4-1	130	14.48275862	7.57	59	258.90	47.18973972	30.44134289	22.36891739	22	101	148	1522.6	9.105307692	2.8	13.5	83.6	1.7	1.872933507	6.527254581	6.624014378	0.336855301	1.270885179
6Spp-4-2	35	14.95535714	7.2	90.7	278.34	47.18973972	30.44134289	22.36891739	22	101	148	1522.6	9.105307692	2.8	13.5	83.6	1.7	1.872933507	6.527254581	6.624014378	0.558300831	2.271568113
Canola-1-1	310	16.96969697	6.59	72.4	308.23	20.87151293	43.4941967	35.63429037	19	126	99	959.9	7.947576923	4.1	10.4	60.4	1.93	1.254674196	2.544676781	5.890946388	0.074939061	1.379596326
Canola-1-2	400	14.95972382	6.51	87.8	275.57	20.87151293	43.4941967	35.63429037	19	126	99	959.9	7.947576923	4.1	10.4	60.4	1.93	1.254674196	2.544676781	5.890946388	1.086338712	2.071403342
Canola-2-1	140	16.28808864	6.37	78.2	278.54	31.42857143	42.17142857	26.4	38	119	98	952.3	7.883294872	3.9	10.4	60.4	1.89	0.997061968	5.00975275	6.317164421	0.042597147	1.053202855
Canola-2-2	92	16	6.26	100.1	261.09	31.42857143	42.17142857	26.4	38	119	98	952.3	7.883294872	3.9	10.4	60.4	1.89	0.997061968	5.00975275	6.317164421	1.928010756	2.033700768
Canola-3-1	240	15.91981132	6.81	47.6	327.54	35.48028873	39.53359245	24.98611882	55	117	123	1305.7	7.8535	3.8	13.1	83.1	2.05	1.261443138	7.155618668	8.402125359	0.209314169	1.28028478
Canola-3-2	135	14.81900452	6.59	76.4	325.73	35.48028873	39.53359245	24.98611882	55	117	123	1305.7	7.8535	3.8	13.1	83.1	2.05	1.261443138	7.155618668	8.402125359	0.789877657	2.596486205
Canola-4-1	120	14.57219251	6.82	60.7	274.44	46.38826185	31.30173062	22.31000752	24	100	98	935.1	7.748576923	3.3	10.5	60.3	1.71	1.42852211	5.532324314	7.299978733	0.608632199	0.67767105
Canola-4-2	53	14.31897555	6.42	74.8	300.11	46.38826185	31.30173062	22.31000752	24	100	98	935.1	7.748576923	3.3	10.5	60.3	1.71	1.42852211	5.532324314	7.299978733	0.977129935	1.564734032
Clover-1-1	101	18.89671362	6.83	77.4	337.05	20.55958916	48.45050469	30.98990614	29	112	170	1049.4	6.950846154	4.1	20.4	75.5	1.93	1.965004802	6.341142178	5.861207008	0.221208078	1.897777661
Clover-1-2	92	18.78715815	6.83	124.2	361.88	20.55958916	48.45050469	30.98990614	29	112	170	1049.4	6.950846154	4.1	20.4	75.5	1.93	1.965004802	6.341142178	5.861207008	1.622543201	2.101765825
Clover-2-1	215	18.20345033	6.56	87.9	332.28	23.30714553	45.15525627	31.5375982	59	147	161	1130.1	9.369089744	4	14.3	60.3	2.19	2.091350794	28.69814682	6.996126175	0.176221646	1.323117535
Clover-2-2	75	16.58878505	6.86	86.1	336.67	23.30714553	45.15525627	31.5375982	59	147	161	1130.1	9.369089744	4	14.3	60.3	2.19	2.091350794	28.69814682	6.996126175	4.034489693	2.486888378
Clover-3-1	130	15.87301587	6.92	59.4	340.75	37.99143636	34.76060724	27.2479564	61	137	93	948.5	5.868782051	6	13.2	80.8	2.02	1.068683147	5.832036972	7.145311832	0.520025743	1.584364206
Clover-3-2	400	13.59003398	6.89	83.2	298.15	37.99143636	34.76060724	27.2479564	61	137	93	948.5	5.868782051	6	13.2	80.8	2.02	1.068683147	5.832036972	7.145311832	1.392970075	2.539563409
Clover-4-1	101	14.50653983	7.03	65.2	256.62	45.86894587	30.65527066	23.47578348	18	99	122	1065.7	6.599012821	3.8	15.4	80.7	1.62	1.397402048	4.739976406	7.022017956	0.4040288	1.306309085
Clover-4-2	44	13.64653244	6.93	70.4	247.20	45.86894587	30.65527066	23.47578348	18	99	122	1065.7	6.599012821	3.8	15.4	80.7	1.62	1.397402048	4.739976406	7.022017956	0.67088299	2.474952082
Fallow-1-1	200	17.15976331	6.25	63.9	315.41	21.20972524	49.14014627	29.65012848	27	133	72	957.3	7.727525641	4.4	7.8	61.9	1.91	1.229363561	2.502592325	6.084294796	5.521705506	0.972613433
Fallow-1-2	240	15.72254335	6.44	107.2	323.09	21.20972524	49.14014627	29.65012848	27	133	72	957.3	7.727525641	4.4	7.8	61.9	1.91	1.229363561	2.502592325	6.084294796	2.262955588	1.739056868
Fallow-2-1	101	17.42160279	6.55	74.7	252.01	24.68701095	44.28794992	31.02503912	28	110	99	945.5	7.834551282	3.6	10.5	60.3	1.61	0.925827503	3.962889433	6.076321125	7.050718254	0.838595652
Fallow-2-2	27	19.85645933	6.44	108	256.81	24.68701095	44.28794992	31.02503912	28	110	99	945.5	7.834551282	3.6	10.5	60.3	1.61	0.925827503	3.962889433	6.076321125	0.719935152	2.085821459
Fallow-3-1	200	17.96407186	6.32	63.3	358.34	39.19066715	36.20123952	24.60809333	63	134	105	973.6	8.086589744	4.2	10.8	60.2	2.39	1.498428822	7.681677341	7.522957325	3.833594498	1.105582232
Fallow-3-2	101	15.54809843	6.34	100.7	298.29	39.19066715	36.20123952	24.60809333	63	134	105	973.6	8.086589744	4.2	10.8	60.2	2.39	1.498428822	7.681677341	7.522957325	0.327507668	2.132850675
Fallow-4-1	130	19.45169713	6.63	66	370.31	30.9683605	40.26845638	28.76318313	47	137	108	1231.2	9.407282051	3.7	9.6	65.4	2.68	2.091635466	8.058580399	9.039146423	5.589092127	1.244540833
Fallow-4-2	70	18.06818182	6.4	80.8	372.05	30.9683605	40.26845638	28.76318313	47	137	108	1231.2	9.407282051	3.7	9.6	65.4	2.68	2.091635466	8.058580399	9.039146423	0.58739251	2.048635351
Oat-1-1	140	17.46835443	6.82	62.3	339.35	18.65629152	50.0284684	31.31524008	26	119	173	1066.2	7.077794872	4.3	20.4	75.3	1.83	1.344399214	3.187463522	5.988397598	0.631875646	1.770802712
Oat-1-2	240	16.41791045	6.83	87.5	222.81	18.65629152	50.0284684	31.31524008	26	119	173	1066.2	7.077794872	4.3	20.4	75.3	1.83	1.344399214	3.187463522	5.988397598	0.42229351	2.443254629
Oat-2-1	120	15.16853933	6.7	76.5	248.39	29.3110477	44.84304933	25.84590298	20	74	87	956.3	7.69624359	2.5	9.4	62.1	1.44	0.817149162	3.025352716	5.381701469	0.399345563	1.103906675
Oat-2-2	135	15.30494822	6.57	61.2	272.53	29.3110477	44.84304933	25.84590298	20	74	87	956.3	7.69624359	2.5	9.4	62.1	1.44	0.817149162	3.025352716	5.381701469	0.653573226	1.715597852
Oat-3-1	120	16.54228856	6.84	61.7	335.98	46.2575728	33.22259136	20.51983584	47	94	97	912.6	5.612358974	4.3	14.4	81.3	2.05	1.127671123	5.552706242	6.050760746	0.534573209	1.628686019
Oat-3-2	240	13.94557823	6.96	89.3	304.35	46.2575728	33.22259136	20.51983584	47	94	97	912.6	5.612358974	4.3	14.4	81.3	2.05	1.127671123	5.552706242	6.050760746	0.328511834	2.073260491
Oat-4-1	140	17.63122476	6.47	69.1	351.10	37.66937669	39.74706414	22.58355917	49	134	98	985.4	8.28725641	4.1	9.9	59.5	2.36	1.844368696	7.132656574	8.805093765	0.959803462	1.241356926
Oat-4-2	67	16.68571429	6.26	73.5	295.48	37.66937669	39.74706414	22.58355917	49	134	98	985.4	8.28725641	4.1	9.9	59.5	2.36	1.844368696	7.132656574	8.805093765	0.523941353	2.020479808
Pea-1-1	220	14.99364676	6.38	60.2	301.63	34.41117764	37.9241517	27.66467066	25	105	63	942.6	7.507230769	3.6	7	62.8	1.64	1.062367439	2.459823132	5.742526054	6.380348984	2.391137179
Pea-1-2	200	13.69390104	6.78	69.4	282.85	34.41117764	37.9241517	27.66467066	25	105	63	942.6	7.507230769	3.6	7	62.8	1.64	1.062367439	2.459823132	5.742526054	2.485670338	2.011438565
Pea-2-1	310	16.14763552	6.93	90	316.70	22.83950617	46.53635117	30.62414266	39	95	171	1089.3	7.115089744	3.4	20	76.5	1.95	1.773285866	25.63224983	5.651350498	7.195459499	2.12864793
Pea-2-2	92	17.30545877	6.8	127.9	335.40	22.83950617	46.53635117	30.62414266	39	95	171	1089.3	7.115089744	3.4	20	76.5	1.95	1.773285866	25.63224983	5.651350498	0.995373115	1.58930409
Pea-3-1	400	17.13917526	6.56	49.2	403.25	39.6691035	37.24509427	23.08580223	38	130	113	983.9	8.1945	4.1	11.5	60	2.16	1.186075926	5.292982578	6.81004715	11.95485139	2.19709858
Pea-3-2	310	18.48225214	6.88	41.1	316.50	39.6691035	37.24509427	23.08580223	38	130	113	983.9	8.1945	4.1	11.5	60	2.16	1.186075926	5.292982578	6.81004715	0.713449231	2.375342836
Pea-4-1	120	17.67741935	6.64	50.8	300.92	34.92208983	40.3299725	24.74793767	49	119	108	1087.5	8.642628205	3.5	10.4	62.9	2.4	1.965379119	14.44179916	8.077130318	14.51766686	1.329782444
Pea-4-2	80	17.3964497	6.62	93.2	322.43	34.92208983	40.3299725	24.74793767	49	119	108	1087.5	8.642628205	3.5	10.4	62.9	2.4	1.965379119	14.44179916	8.077130318	1.45218814	2.364005978
Radish-1-1	200	17.125	6.27	54.9	269.58	22.95232836	43.91680471	33.13086692	23	124	78	948.9	7.712448718	4.1	8.4	61.5	1.81	1.198923707	2.4044137	6.691152573	4.380525071	1.180214966
Radish-1-2	400	14.41144114	6.37	96.4	271.67	22.95232836	43.91680471	33.13086692	23	124	78	948.9	7.712448718	4.1	8.4	61.5	1.81	1.198923707	2.4044137	6.691152573	2.251680926	3.91340991
Radish-2-1	200	15.32163743	6.33	87.2	256.69	27.66373412	44.26197458	28.0742913	23	103	97	952.7	8.635935897	3.1	9.4	55.2	1.41	0.601339698	2.300708532	6.660919189	1.263573351	1.037170059
Radish-2-2	500	15.41057368	6.4	108.8	209.95	27.66373412	44.26197458	28.0742913	23	103	97	952.7	8.635935897	3.1	9.4	55.2	1.41	0.601339698	2.300708532	6.660919189	0.848509239	1.529002963
Radish-3-1	200	16.42857143	6.81	64.2	254.98	41.46433991	34.82549317	23.71016692	39	117	101	941.2	5.847666667	5.1	14.4	80.5	1.99	0.99940753	5.114140987	6.186453819	0.881812373	1.230205846
Radish-3-2	54	17.48251748	6.52	107.3	290.62	41.46433991	34.82549317	23.71016692	39	117	101	941.2	5.847666667	5.1	14.4	80.5	1.99	0.99940753	5.114140987	6.186453819	0.581373349	1.654576591
Radish-4-1	70	14.39205955	6.49	56.6	249.17	45.09803922	34.31372549	20.58823529	31	92	84	951.6	7.693897436	3.1	9.1	61.8	1.62	1.62940681	5.859245777	7.821257114	1.568124201	0.74842133
Radish-4-2	54	13.84976526	6.84	83	270.41	45.09803922	34.31372549	20.58823529	31	92	84	951.6	7.693897436	3.1	9.1	61.8	1.62	1.62940681	5.859245777	7.821257114	1.354178887	2.091535808
Rye-1-1	310	13.39491917	6.64	46.5	269.02	35.37388609	35.83882216	28.78729175	21	114	83	943.4	7.700974359	3.8	9	61.3	1.58	0.955218375	2.347615004	4.78801775	0.070527608	1.689022777
Rye-1-2	310	12.74175199	6.73	75.4	231.54	35.37388609	35.83882216	28.78729175	21	114	83	943.4	7.700974359	3.8	9	61.3	1.58	0.955218375	2.347615004	4.78801775	0.439027549	2.234775355
Rye-2-1	101	16.46778043	6.59	55.6	325.13	29.81790592	39.15022762	31.03186646	32	80	95	941.7	7.705294872	2.7	10.3	61.1	1.8	0.989818037	4.321207523	4.948189259	0.079698381	1.143242643
Rye-2-2	37	18.97555297	6.39	99	276.51	29.81790592	39.15022762	31.03186646	32	80	95	941.7	7.705294872	2.7	10.3	61.1	1.8	0.989818037	4.321207523	4.948189259	0.377022888	2.597224494
Rye-3-1	135	19.22525108	6.9	52.8	373.88	38.55507868	37.30329041	24.1416309	62	112	101	1010.8	6.182846154	4.6	13.6	81.7	2.24	1.217048049	6.732423306	6.389308453	0.248432562	1.541586211
Rye-3-2	67	17.6969697	6.45	92.1	351.65	38.55507868	37.30329041	24.1416309	62	112	101	1010.8	6.182846154	4.6	13.6	81.7	2.24	1.217048049	6.732423306	6.389308453	0.853917382	2.526412443
Rye-4-1	80	17.83980583	6.55	49.9	290.82	38.36384012	39.22301083	22.41314905	38	98	93	920.2	7.827282051	3.2	9.9	58.8	2.19	2.08270812	6.42073679	7.93266058	0.222339041	1.160219987
Rye-4-2	37	16.82352941	6.53	81.8	258.96	38.36384012	39.22301083	22.41314905	38	98	93	920.2	7.827282051	3.2	9.9	58.8	2.19	2.08270812	6.42073679	7.93266058	0.699915844	3.082353014
